______________Normalized matrix_________________
0.11540432349494407  0.015657141876761916  0.10974886652903566  0.12211250217453272  0.03378189902034577  0.05983766629250567  0.008367148954885353  0.0  0.0145415505743124  0.08703888158839568  0.010643335644808216  
0.012364748945886865  0.005591836384557828  0.11063751046929705  0.09158437663089954  0.044974706707005284  0.012822357062679786  0.013184597385936307  0.0  0.01705828073488994  0.1188111454792353  0.06395813146486691  
0.15249857033260467  0.06374693478395924  0.10577338858985076  0.12211250217453272  0.09159684548098439  0.08761943992831188  0.10573033679355127  0.0  0.010080004611608174  0.07093787103175438  0.02793858018090029  
0.041215829819622886  0.011742856407571438  0.12472954476511812  0.09158437663089954  0.06304145969894938  0.021370595104466313  0.04158219577331328  0.0  0.18069164163348156  0.07150674554063767  0.06977250960455446  
0.07831007665728348  0.010624489130659873  0.060534015237240446  0.06105625108726636  0.0761110421195474  0.04060413069848599  0.03346859581954141  0.024069805510187503  0.13103872660537985  0.01316377184364907  0.1460357006527822  
0.11952590647690636  0.057595914760945624  0.1694279577542886  0.18316875326179907  0.04860305999522064  0.0619747258029523  0.07302239087899945  0.0055545707679035446  0.1442202300460478  0.07965750065275969  0.051133286998099325  
0.24317339593577503  0.03299183466889118  0.05415776730872213  0.06105625108726636  0.41515113883389493  0.12608651111635125  0.0912779885987493  0.022063923121630028  0.0036960383427795773  0.0016089332699595188  0.14271665301405068  
0.004121582981962289  0.030195916476612267  0.19765941205304555  0.15264062771816592  0.04572679439862599  0.05983766629250567  0.04624751364303649  0.0  0.1342218370853395  0.09526233120779236  0.06571608868683214  
0.04945899578354746  0.00615102002301361  0.08337898088067922  0.09158437663089954  0.031828253317400315  0.025644714125359572  0.00608519923991662  0.03191144444360067  0.1750720809505428  0.10161484953184079  0.07849415167194222  
0.008243165963924578  0.0011183672769115654  0.053269917152083006  0.03052812554363318  0.02767674258892633  0.004274119020893263  0.00608519923991662  0.26476813481407213  0.0  0.0  0.0  
0.008243165963924578  0.005591836384557828  0.17502970782742738  0.15264062771816592  0.03228952862131429  0.008548238041786525  0.01277891782349508  0.015574720502162206  0.0  0.009653407224428081  0.05438316597748251  
0.016486331927849155  0.002236734553823131  0.19095779539289484  0.12211250217453272  0.06344507270296489  0.008548238041786525  0.013949470641209364  0.9491199164068337  0.5731822626518259  0.24951364856178834  0.4057709782865538  
0.02472949789177373  0.004473469107646262  0.07102653926872673  0.06105625108726636  0.06227267082508424  0.012822357062679786  0.013691698289812395  0.0  0.0  0.08407808505631137  0.05606727592407202  
0.37918563434053054  0.05647754748403406  0.05966230746434373  0.09158437663089954  0.28829938437158353  0.23721360565957605  0.12677498803379508  0.002021239920354946  0.06940511217833485  0.08474368802504857  0.09274036904505131  
0.214322315062039  0.03802448741499323  0.0720021755437195  0.09158437663089954  0.251858368117069  0.15173122524171082  0.09229218460320325  0.0014710517387442204  0.04188762303368563  0.2172016593130749  0.04159766399288893  
0.012364748945886865  0.003914285469190479  0.1171938202746902  0.09158437663089954  0.03459592823615791  0.010685297552233157  0.010141997765977996  0.0  0.10079893251647233  0.1579648766138959  0.04830404367127123  
0.03297266385569831  0.01006530549220409  0.18043037028310474  0.18316875326179907  0.030642113050964585  0.01709647608357305  0.01572009900366764  0.0  0.0357673291471511  0.14013010723724495  0.04485375617435644  
0.012364748945886865  0.0016775509153673482  0.06658739644010375  0.06105625108726636  0.02767674258892633  0.006411178531339893  0.00608519923991662  0.06619203370351803  0.05543946939015272  0.024133517701452764  0.1373647654258989  
0.07006691069335891  0.015097958238306133  0.07635353225398883  0.06105625108726636  0.10378778470847373  0.03633001167759273  0.04563899429937465  0.035302329073263104  0.11087893878030544  0.04183139941977556  0.0932118051104314  
0.008243165963924578  0.0011183672769115654  0.053269917152083006  0.03052812554363318  0.02767674258892633  0.004274119020893263  0.00608519923991662  0.0  0.147838655535338  0.032178021683977355  0.07849415167194222  
0.03297266385569831  0.09506121853748306  0.18668250220444554  0.21369687880543226  0.05740361303654171  0.042741190208932626  0.09736318783866592  0.0  0.01789963002316853  0.09350386523136058  0.03232106554610883  
0.016486331927849155  0.006710203661469393  0.09233450485950614  0.06105625108726636  0.06919185647231582  0.021370595104466313  0.022819497149687326  0.03782398149649203  0.047519608448171456  0.07584816807691969  0.04186360120649963  
0.03297266385569831  0.004473469107646262  0.053269917152083006  0.03052812554363318  0.4013127675394318  0.0619747258029523  0.08823538897879099  0.018259999522425727  0.22940474468024413  0.23301327277157732  0.06907485309701987  
0.012364748945886865  0.00615102002301361  0.09512483844957184  0.06105625108726636  0.048434299530621075  0.010685297552233157  0.02129819733970817  0.0  0.0  0.07584816807691969  0.0  
0.03297266385569831  0.4439918089338915  0.22955760056353974  0.2747531298926986  0.07757105933938313  0.20515771300287658  0.4131173944315013  0.0  0.01539687107668167  0.2754525493690316  0.07121868385445697  
0.27614605979147333  0.044175507438006835  0.07317885498429086  0.12211250217453272  0.17124984476898167  0.16882770132528385  0.07530434059396818  0.005403388306314607  0.06788496610025181  0.08865370772949388  0.08415860823964931  
0.020607914909811443  0.01845306006904083  0.1377222331959835  0.12211250217453272  0.06304147289624866  0.021370595104466313  0.03118664610457268  0.014986935945463367  0.0  0.09835547271073504  0.046892561359211535  
0.19783598313418985  0.07045713844542863  0.07131296815098523  0.06105625108726636  0.2573937113559346  0.5257166395698712  0.5659235293122457  0.0  0.0024235917623854  0.21997111635292302  0.04574937428324033  
0.0370942468376606  0.04305714016109527  0.11398617240845779  0.09158437663089954  0.07570403081096616  0.042741190208932626  0.09432058821870762  0.0  0.007153465664207726  0.09342007724537564  0.06152245799687567  
0.004121582981962289  0.01677550915367348  0.16254153556633638  0.12211250217453272  0.05396964936813627  0.023507654614912943  0.029665346294593522  0.0067889197178445364  0.0  0.3391069071930457  0.007631358442145837  
0.008243165963924578  0.00615102002301361  0.11280687665706746  0.09158437663089954  0.05881307800146845  0.014959416573126418  0.017241398813646794  0.010590725155841725  0.23062818420364362  0.08494998184880341  0.018838595980190692  
0.7212770218434005  0.07269387299925176  0.1003932819548556  0.12211250217453272  0.03835407036418592  0.37398541432816046  0.41531484812430935  0.0  0.12312107964481789  0.2329607513640735  0.011063593499119095  
0.14013382138671782  0.02851836556124492  0.09908204666490666  0.2747531298926986  0.10378778470847373  0.47015309229825886  0.10141998346307819  9.664037148557748E-4  0.06960292315702366  0.21350237542697173  0.046494752674253896  
0.05770216174747204  0.007828570938380958  0.056821260626218686  0.06105625108726636  0.10378778470847373  0.029918833146252835  0.022819497149687326  0.0  0.04435157617301215  0.0064356367023648406  0.15315936141602798  
0.016486331927849155  0.002236734553823131  0.053269917152083006  0.03052812554363318  0.05535348517785266  0.008548238041786525  0.01217039847983324  0.0  0.5543946939015272  0.0  0.15698830334388444  
0.05770216174747204  0.04249795652263949  0.09816031782326923  0.06105625108726636  0.0879725041717515  0.03633001167759273  0.13539568308814479  0.020824543847052818  0.017441701011087343  0.08134897421600493  0.02616476946852638  
0.016486331927849155  0.0033551018307346964  0.09322235501614526  0.09158437663089954  0.03690232785100153  0.008548238041786525  0.008113599953771864  0.0  0.0739192154163731  0.05363008217099425  0.07849415167194222  
0.02885108087373602  0.005591836384557828  0.06037255329820254  0.06105625108726636  0.20757556941694746  0.05556354727161241  0.04563899429937465  0.0  0.0  0.16815607805055874  0.046892561359211535  
0.02885108087373602  0.013979590961394568  0.10340628772663939  0.09158437663089954  0.05881307800146845  0.01923353559401968  0.03448279472564448  0.0  0.05217829789068881  0.085177127730051  0.09065525024014147  
0.004121582981962289  0.8661754559680075  0.5378484268276633  0.4884500086981309  0.05755633218386105  0.1089900350327782  0.38755112659218977  0.10008420693981875  0.0  0.09648667035061645  0.7708125454639586  
0.03297266385569831  0.06542448569932659  0.2679971249451767  0.30528125543633183  0.023412586312410152  0.027781773635806205  0.08853965010144647  0.005831783081562157  0.01219291364854452  0.09553890290964223  0.016139025175176677  
0.02885108087373602  0.013979590961394568  0.0607565223119651  0.09158437663089954  0.4266830973162152  0.34620364069235426  0.18762698043296128  0.0  0.0  0.16815607805055874  0.046892561359211535  
0.02885108087373602  0.004473469107646262  0.05694373191373088  0.06105625108726636  0.2006563837697159  0.057700606782059044  0.044117694489395495  0.0  0.03614564570050956  0.17010413434001098  0.017752551181069543  
0.016486331927849155  0.019012243707496615  0.12544208304607804  0.12211250217453272  0.10724737753208953  0.05342648776116578  0.04716029410935381  0.027279061884984822  0.1761019193644  0.24701370321425817  0.03110833084289103  
0.012364748945886865  0.07325305663770754  0.23535618357392463  0.18316875326179907  0.06523803798779768  0.04060413069848599  0.08367148954885353  0.0026744228892618426  0.046765189322873824  0.1497262770310946  0.025395211989883454  
0.05770216174747204  0.021248978261319745  0.10915112841066235  0.18316875326179907  0.05428899761622074  0.11112709454322482  0.05172419353929127  0.0  0.03897572197313905  0.09536397923419052  0.023711827228778185  
0.004121582981962289  5.591836384557827E-4  0.0799048757281245  0.06105625108726636  0.013838371294463164  0.0021370595104466313  0.00304259961995831  0.0064576950331581345  0.09183902901940584  0.0877582545563795  0.07531811996793476  
0.04945899578354746  0.008946938215292523  0.06419706629297038  0.06105625108726636  0.10793929873627255  0.06624884482384556  0.059330692589187044  0.04073351732072906  0.0145415505743124  0.04826703540290553  0.07849415167194222  
0.020607914909811443  0.0033551018307346964  0.09470208834315985  0.12211250217453272  0.03113633541254212  0.010685297552233157  0.0068458491449061975  0.07722413137899967  0.01705828073488994  0.20013162648643668  0.06496066062859181  
0.05770216174747204  0.008946938215292523  0.07643077057556981  0.09158437663089954  0.0397853174715816  0.029918833146252835  0.023326598053563415  0.0  0.010080004611608174  0.2450480630705847  0.07206014230420824  
______________Entropy criteria weights_________________
col1: 0.09896640212780264  
col2: 0.1709735398038348  
col3: 0.02146311221238904  
col4: 0.024840194242220164  
col5: 0.048106097364358495  
col6: 0.09090485003004832  
col7: 0.08763872423156155  
col8: 0.258738992573688  
col9: 0.0976923343008316  
col10: 0.032762810661760684  
col11: 0.06791294245150459  


______________weighted normalized decision matrix_________________
0.011421150686287657  0.002676956969880842  0.0023555522374952  0.003033298273418925  0.0016251153234256804  0.005439534080468306  7.332862598615959E-4  0.0  0.0014205980199581767  0.0028516383976920157  7.228202411379078E-4  
0.0012236947163879633  9.560560606717295E-4  0.00237462530210189  0.0022749737050641937  0.0021635576197806634  0.0011656144458146369  0.0011554812944102393  0.0  0.0016664632641503034  0.00389258706384309  0.004343584901479272  
0.015092234835451546  0.010899039091657717  0.0022702261083885973  0.003033298273418925  0.004406366766976335  0.00796503204640002  0.009266071829160165  0.0  9.847391802711499E-4  0.002324124037361767  0.001897391188002228  
0.004078982387959878  0.0020077177274106317  0.0026770842154939323  0.0022749737050641937  0.003032678598268941  0.001942690743024395  0.0036442105883202065  0.0  0.01765218825982414  0.002342761965186612  0.004738456429471158  
0.007750066537123768  0.0018165065152762861  0.0012992483617033596  0.0015166491367094624  0.0036614052027057376  0.0036911124117463504  0.0029331450394463835  0.006227797229150518  0.012801479085888044  4.3128216450809086E-4  0.00991771413429755  
0.011829048925083645  0.009847377424918813  0.003636451269196206  0.004549947410128387  0.0023381035363358414  0.005633803154770745  0.006399589176973928  0.0014371840446666196  0.01408921092660134  0.0026098036116754438  0.003472611977258187  
0.02406599608896328  0.005640730757963204  0.0011623942369195577  0.0015166491367094624  0.01997130110566766  0.01146187538384393  0.007999486471217409  0.005708797240713855  3.610746133715141E-4  5.271317609109121E-5  0.009692307843014572  
4.078982387959878E-4  0.0051627027276273385  0.0042423861407293595  0.0037916228417736566  0.0021997376235003046  0.005439534080468306  0.0040530730945574555  0.0  0.013112444579012743  0.003121061720558837  0.004462972949126803  
0.004894778865551853  0.0010516616667389023  0.0017895724227966583  0.0022749737050641937  0.0015311330530243259  0.0023312288916292737  5.332990980811606E-4  0.008256734986908449  0.01710320025896268  0.003329188075635001  0.0053307688052762845  
8.157964775919756E-4  1.9121121213434587E-4  0.0011433382093798251  7.583245683547312E-4  0.0013314200737111774  3.88538148604879E-4  5.332990980811606E-4  0.06850584046740743  0.0  0.0  0.0  
8.157964775919756E-4  9.560560606717295E-4  0.0037566822596017423  0.0037916228417736566  0.0015533232077061855  7.77076297209758E-4  0.001119928055111072  0.004029787492346213  0.0  3.1627275313481E-4  0.003693320821359392  
0.001631592955183951  3.8242242426869173E-4  0.0040985485903481285  0.003033298273418925  0.0030520948447376323  7.77076297209758E-4  0.0012225138107012114  0.2455743310027271  0.055995513218289245  0.008174768425354967  0.027557101096865443  
0.0024473894327759265  7.648448485373835E-4  0.0015244505823823384  0.0015166491367094624  0.002995695165850149  0.0011656144458146369  0.0011999229706826113  0.0  0.0  0.00275463438150334  0.003807693683244132  
0.03752663796923088  0.009656166212784468  0.0012805387999572657  0.0022749737050641937  0.013868958254664011  0.021563867247570784  0.011110398215753282  5.2297358074236E-4  0.0067803474211126065  0.0027764414055439827  0.006298271345887867  
0.021210708417391363  0.006501181212567761  0.0015453907732309855  0.0022749737050641937  0.012115923178668166  0.013793104275473204  0.0080883693151685  3.806184449064517E-4  0.0040920996724740305  0.007116136839494522  0.0028250197608660904  
0.0012236947163879633  6.692392424702105E-4  0.0025153441151542296  0.0022749737050641937  0.0016642750921389718  9.713453715121975E-4  8.888317453696589E-4  0.0  0.009847283012566179  0.00517537334370946  0.0032804697380220075  
0.003263185910367902  0.0017209009092091132  0.003872597283909182  0.004549947410128387  0.0014740724738793824  0.001554152594419516  0.0013776894214752738  0.0  0.003494193876091363  0.004591056171426077  0.0030461505618028877  
0.0012236947163879633  2.868168182015188E-4  0.0014291727617247814  0.0015166491367094624  0.0013314200737111774  5.828072229073184E-4  5.332990980811606E-4  0.017126460116851858  0.00541601117712352  7.906818710549468E-4  0.009328845409233498  
0.006934270059531793  0.0025813513638136693  0.001638784430579628  0.0015166491367094624  0.004992825276416915  0.0033025742631414712  0.0039997432356087045  0.009134089059920912  0.01083202235424704  0.0013705142189065925  0.006330287956265589  
8.157964775919756E-4  1.9121121213434587E-4  0.0011433382093798251  7.583245683547312E-4  0.0013314200737111774  3.88538148604879E-4  5.332990980811606E-4  0.0  0.01444270335914373  0.0010542424319021798  0.0053307688052762845  
0.003263185910367902  0.0162529530314194  0.004006787492903579  0.005308271978483118  0.002761463797801834  0.00388538148604879  0.00853278556929857  0.0  0.001748656640084582  0.0030634494327178544  0.0021950186644041966  
0.001631592955183951  0.0011472672728060752  0.0019817858388749615  0.0015166491367094624  0.0033285501842779436  0.001942690743024395  0.0019998716178043522  0.009786538867528163  0.004642301474363388  0.0024849991697455205  0.0028430803395497473  
0.003263185910367902  7.648448485373835E-4  0.0011433382093798251  7.583245683547312E-4  0.019305591068812075  0.005633803154770745  0.007732836922176829  0.004724573880828456  0.02241108500749933  0.007634169737492384  0.004691076523224044  
0.0012236947163879633  0.0010516616667389023  0.0020416750818285398  0.0015166491367094624  0.0023299851289945604  9.713453715121975E-4  0.0018665468432840621  0.0  0.0  0.0024849991697455205  0.0  
0.003263185910367902  0.07591085121733532  0.004927020540102035  0.006824921115192581  0.003731640933236795  0.01864983113303419  0.03620508140584358  0.0  0.0015041562764099906  0.00902459972127687  0.004836670378079635  
0.02732918199933118  0.007552842879306663  0.0015706459761019797  0.003033298273418925  0.008238161706087911  0.015347256869892719  0.006599576338754363  0.0013980672468602877  0.006631840802266421  0.002904544640804478  0.005715458718178024  
0.002039491193979939  0.0031549850002167068  0.002955947745226205  0.003033298273418925  0.003032679233139505  0.001942690743024395  0.002733157877665948  0.0038777047082955837  0.0  0.003222401729969782  0.0031846118209917806  
0.019579115462207412  0.012046306364463792  0.0015305982376231217  0.0015166491367094624  0.012382206939462176  0.04779019227840011  0.04959681612154793  0.0  2.3676633665969615E-4  0.0072068720361269465  0.0031069746228900444  
0.0036710841491638902  0.007361631667172317  0.002446498009063453  0.0022749737050641937  0.0036418254770667333  0.00388538148604879  0.00826613602025799  0.0  6.988387590773015E-4  0.0030607043027973  0.0041781711494169255  
4.078982387959878E-4  0.002868168182015188  0.0034886472170343017  0.003033298273418925  0.0025962692072238527  0.002136959817326834  0.002599833103145658  0.0017565582484587415  0.0  0.01111009539446101  5.18268006708254E-4  
8.157964775919756E-4  0.0010516616667389023  0.0024211866520197686  0.0022749737050641937  0.0028292676566362518  0.0013598835201170765  0.0015110141959955637  0.0027402335574473026  0.02253060567041612  0.0027832001710323528  0.0012793844846698361  
0.07138219178929786  0.012428728788732484  0.0021547522759670775  0.003033298273418925  0.0018450646432589847  0.03399708800292691  0.03639766344403921  0.0  0.012027985672140862  0.007632448988562647  7.513611886125153E-4  
0.013868540119063586  0.00487588590942582  0.002126609085802059  0.006824921115192581  0.004992825276416915  0.04273919634653669  0.008888317962290242  2.500463236012528E-4  0.006799672037371049  0.006994937901950021  0.0031575954626635438  
0.005710575343143828  0.001338478484940421  0.0012195610928699347  0.0015166491367094624  0.004992825276416915  0.002719767040234153  0.0019998716178043522  0.0  0.0043328090062627  2.1084954676745717E-4  0.0104015028977559  
0.001631592955183951  3.8242242426869173E-4  0.0011433382093798251  7.583245683547312E-4  0.002662840147422355  7.77076297209758E-4  0.0010665981961623212  0.0  0.0541601117712352  0.0  0.010661537610552569  
0.005710575343143828  0.0072660260611051445  0.0021068259162445994  0.0015166491367094624  0.004232013851072711  0.0033025742631414712  0.011865904932305823  0.005388121495793039  0.0017039204859502972  0.0026652210397674213  0.0017769264831729162  
0.001631592955183951  5.736336364030376E-4  0.002000841866414694  0.0022749737050641937  0.001775226976571758  7.77076297209758E-4  7.11065548873823E-4  0.0  0.0072213407037115054  0.001757072227942952  0.0053307688052762845  
0.002855287671571914  9.560560606717295E-4  0.0012957828859877592  0.0015166491367094624  0.00998565055283383  0.005050995931863427  0.0039997432356087045  0.0  0.0  0.005509265746794708  0.0031846118209917806  
0.002855287671571914  0.0023901401516793234  0.0022194207569434486  0.0022749737050641937  0.0028292676566362518  0.0017484216687219554  0.0030220281376943017  0.0  0.005097419720785548  0.0027906421085322664  0.006156664792485475  
4.078982387959878E-4  0.1480930837980509  0.011543901138259054  0.0121331930936757  0.0027688105199721804  0.009907722789424414  0.03396448630904392  0.025895686876145213  0.0  0.003161174512080965  0.05234814804099158  
0.003263185910367902  0.011185855909859236  0.005752052365295973  0.007583245683547313  0.0011262881566962498  0.0025254979659317133  0.007759501978799618  0.0015089096794316703  0.0011911541962547835  0.0031301229868609453  0.0010960486879451573  
0.002855287671571914  0.0023901401516793234  0.0013040240560162253  0.0022749737050641937  0.0205260586232199  0.0314715900369952  0.01644338919656489  0.0  0.0  0.005509265746794708  0.0031846118209917806  
0.002855287671571914  7.648448485373835E-4  0.0012221897078566048  0.0015166491367094624  0.009652795534406037  0.005245265006165866  0.0038664184610884143  0.0  0.003531152503293596  0.005573089546164483  0.0012056279867273657  
0.001631592955183951  0.0032505906062838806  0.002692377504573798  0.003033298273418925  0.005159252785630813  0.004856726857560987  0.004133068010128995  0.007058156990476263  0.017203807577565056  0.008092863189269087  0.002112658282295624  
0.0012236947163879633  0.012524334394799655  0.005051476177926778  0.004549947410128387  0.0031383474073007132  0.0036911124117463504  0.007332862598615959  6.91977484083621E-4  0.00456860050897187  0.00490545366546008  0.0017246635704127142  
0.005710575343143828  0.0036330130305525722  0.002342722917186931  0.004549947410128387  0.002611631805139341  0.010101991863726853  0.004533042333689866  0.0  0.0038076292606161683  0.0031243919956018616  0.0016103399580080324  
4.078982387959878E-4  9.560560606717293E-5  0.0017150073140697376  0.0015166491367094624  6.657100368555887E-4  1.942690743024395E-4  2.666495490405803E-4  0.0016708575072274443  0.00897196912482757  0.002875207078037259  0.005115075146937872  
0.004894778865551853  0.001529689697074767  0.0013778688375522014  0.0015166491367094624  0.005192538414447705  0.006022341303375624  0.005199666206291316  0.010539349235548306  0.0014205980199581767  0.0015813637421098936  0.0053307688052762845  
0.002039491193979939  5.736336364030376E-4  0.00203260154885682  0.003033298273418925  0.0014978475829250746  9.713453715121975E-4  5.999614853413056E-4  0.0199808939553805  0.0016664632641503034  0.006556874586005334  0.004411669606881275  
0.005710575343143828  0.001529689697074767  0.0016404422053428172  0.0022749737050641937  0.0019139163559598177  0.002719767040234153  0.0020443132940767246  0.0  9.847391802711499E-4  0.008028463293412757  0.004893816297352925  

______________ Maximum values of each column - positive ideal _________________
col1: 0.02406599608896328
col2: 0.010899039091657717
col3: 0.0042423861407293595
col4: 0.004549947410128387
col5: 0.01997130110566766
col6: 0.01146187538384393
col7: 0.009266071829160165
col8: 0.06850584046740743
col9: 0.01765218825982414
col10: 0.00389258706384309
col11: 0.00991771413429755


______________ Minimum values of each column - negative ideal _________________
col1: 4.078982387959878E-4
col2: 1.9121121213434587E-4
col3: 0.0011433382093798251
col4: 7.583245683547312E-4
col5: 0.0013314200737111774
col6: 3.88538148604879E-4
col7: 5.332990980811606E-4
col8: 0.0
col9: 0.0
col10: 0.0
col11: 0.0


______________distances from positive ideals_________________
A1: 0.009194893893159643
A2: 0.005574129232818278
A3: 0.008020322946295321
A4: 0.005179257704826392
A5: 0.0
A6: 0.006445102157039363
A7: 2.2540629128297782E-4
A8: 0.005454741185170747
A9: 0.004586945329021265
A10: 0.00991771413429755
A11: 0.006224393312938158
A12: 0.017639386962567893
A13: 0.006110020451053418
A14: 0.0036194427884096827
A15: 0.0070926943734314594
A16: 0.006637244396275542
A17: 0.006871563572494662
A18: 5.888687250640515E-4
A19: 0.003587426178031961
A20: 0.004586945329021265
A21: 0.007722695469893353
A22: 0.007074633794747803
A23: 0.005226637611073506
A24: 0.00991771413429755
A25: 0.005081043756217915
A26: 0.004202255416119526
A27: 0.00673310231330577
A28: 0.0068107395114075054
A29: 0.005739542984880624
A30: 0.009399446127589296
A31: 0.008638329649627713
A32: 0.009166352945685035
A33: 0.006760118671634006
A34: 4.83788763458351E-4
A35: 7.438234762550192E-4
A36: 0.008140787651124633
A37: 0.004586945329021265
A38: 0.00673310231330577
A39: 0.003761049341812075
A40: 0.04243043390669403
A41: 0.008821665446352392
A42: 0.00673310231330577
A43: 0.008712086147570184
A44: 0.007805055852001926
A45: 0.008193050563884835
A46: 0.008307374176289517
A47: 0.004802638987359678
A48: 0.004586945329021265
A49: 0.005506044527416275
A50: 0.005023897836944625


______________distances from negative ideals_________________
A1: 7.228202411379078E-4
A2: 0.004343584901479272
A3: 0.001897391188002228
A4: 0.004738456429471158
A5: 0.00991771413429755
A6: 0.003472611977258187
A7: 0.009692307843014572
A8: 0.004462972949126803
A9: 0.0053307688052762845
A10: 0.0
A11: 0.003693320821359392
A12: 0.027557101096865443
A13: 0.003807693683244132
A14: 0.006298271345887867
A15: 0.0028250197608660904
A16: 0.0032804697380220075
A17: 0.0030461505618028877
A18: 0.009328845409233498
A19: 0.006330287956265589
A20: 0.0053307688052762845
A21: 0.0021950186644041966
A22: 0.0028430803395497473
A23: 0.004691076523224044
A24: 0.0
A25: 0.004836670378079635
A26: 0.005715458718178024
A27: 0.0031846118209917806
A28: 0.0031069746228900444
A29: 0.0041781711494169255
A30: 5.18268006708254E-4
A31: 0.0012793844846698361
A32: 7.513611886125153E-4
A33: 0.0031575954626635438
A34: 0.0104015028977559
A35: 0.010661537610552569
A36: 0.0017769264831729162
A37: 0.0053307688052762845
A38: 0.0031846118209917806
A39: 0.006156664792485475
A40: 0.05234814804099158
A41: 0.0010960486879451573
A42: 0.0031846118209917806
A43: 0.0012056279867273657
A44: 0.002112658282295624
A45: 0.0017246635704127142
A46: 0.0016103399580080324
A47: 0.005115075146937872
A48: 0.0053307688052762845
A49: 0.004411669606881275
A50: 0.004893816297352925


______________relative closeness of each ontology_________________
A1: 0.07288173780269011
A2: 0.43796230085501636
A3: 0.1913133573229993
A4: 0.47777707295318933
A5: 1.0
A6: 0.3501423745668532
A7: 0.977272354472945
A8: 0.4500001601874065
A9: 0.5374997437001496
A10: 0.0
A11: 0.3723963779705153
A12: 0.6097177519772748
A13: 0.3839285576982223
A14: 0.6350527208792109
A15: 0.28484585486252073
A16: 0.33076873295605996
A17: 0.3071424040413361
A18: 0.9406245514752619
A19: 0.6382809456439278
A20: 0.5374997437001496
A21: 0.22132304225359334
A22: 0.28666689733653195
A23: 0.47299977189313314
A24: 0.0
A25: 0.48767995453240653
A26: 0.5762879067478625
A27: 0.32110340930060893
A28: 0.3132752750097394
A29: 0.4212836842078284
A30: 0.05225680027577864
A31: 0.1289999356046626
A32: 0.07575951256894466
A33: 0.31837935837895465
A34: 0.9555557371804603
A35: 0.9347829962950153
A36: 0.17916693898525762
A37: 0.5374997437001496
A38: 0.32110340930060893
A39: 0.6207745765926472
A40: 0.5523204395470476
A41: 0.11051424482530602
A42: 0.32110340930060893
A43: 0.12156309109152981
A44: 0.21301867080334624
A45: 0.173897285912735
A46: 0.16237007199462794
A47: 0.5157514199011708
A48: 0.5374997437001496
A49: 0.44482726030837993
A50: 0.49344195961739556

______________Rank of the closeness in ascending order_________________
A10 : 0.000000 
A24 : 0.000000 
A30 : 0.052257 
A1 : 0.072882 
A32 : 0.075760 
A41 : 0.110514 
A43 : 0.121563 
A31 : 0.129000 
A46 : 0.162370 
A45 : 0.173897 
A36 : 0.179167 
A3 : 0.191313 
A44 : 0.213019 
A21 : 0.221323 
A15 : 0.284846 
A22 : 0.286667 
A17 : 0.307142 
A28 : 0.313275 
A33 : 0.318379 
A27 : 0.321103 
A38 : 0.321103 
A42 : 0.321103 
A16 : 0.330769 
A6 : 0.350142 
A11 : 0.372396 
A13 : 0.383929 
A29 : 0.421284 
A2 : 0.437962 
A49 : 0.444827 
A8 : 0.450000 
A23 : 0.473000 
A4 : 0.477777 
A25 : 0.487680 
A50 : 0.493442 
A47 : 0.515751 
A9 : 0.537500 
A20 : 0.537500 
A37 : 0.537500 
A48 : 0.537500 
A40 : 0.552320 
A26 : 0.576288 
A12 : 0.609718 
A39 : 0.620775 
A14 : 0.635053 
A19 : 0.638281 
A35 : 0.934783 
A18 : 0.940625 
A34 : 0.955556 
A7 : 0.977272 
A5 : 1.000000 
